1 2 0
2 1032 1030
3 1034 2
4 1040 6
5 1050 10
6 1052 2
7 1062 10
8 1064 2
9 1070 6
10 1088 18
11 1092 4
12 1094 2
13 1098 4
14 1104 6
15 1110 6
16 1118 8
17 1124 6
18 1130 6
19 1152 22
20 1154 2
21 1164 10
22 1172 8
23 1182 10
24 1188 6
25 1194 6
26 1202 8
27 1214 12
28 1218 4
29 1224 6
30 1230 6
31 1232 2
32 1238 6
33 1250 12
34 1260 10
35 1278 18
36 1280 2
37 1284 4
38 1290 6
39 1292 2
40 1298 6
41 1302 4
42 1304 2
43 1308 4
44 1320 12
45 1322 2
46 1328 6
47 1362 34
48 1368 6
49 1374 6
50 1382 8
51 1400 18
52 1410 10
53 1424 14
54 1428 4
55 1430 2
56 1434 4
57 1440 6
58 1448 8
59 1452 4
60 1454 2
61 1460 6
62 1472 12
63 1482 10
64 1484 2
65 1488 4
66 1490 2
67 1494 4
68 1500 6
69 1512 12
70 1524 12
71 1532 8
72 1544 12
73 1550 6
74 1554 4
75 1560 6
76 1568 8
77 1572 4
78 1580 8
79 1584 4
80 1598 14
81 1602 4
82 1608 6
83 1610 2
84 1614 4
85 1620 6
86 1622 2
87 1628 6
88 1638 10
89 1658 20
90 1664 6
91 1668 4
92 1670 2
93 1694 24
94 1698 4
95 1700 2
96 1710 10
97 1722 12
98 1724 2
99 1734 10
100 1742 8
101 1748 6
102 1754 6
103 1760 6
104 1778 18
105 1784 6
106 1788 4
107 1790 2
108 1802 12
109 1812 10
110 1824 12
111 1832 8
112 1848 16
113 1862 14
114 1868 6
115 1872 4
116 1874 2
117 1878 4
118 1880 2
119 1890 10
120 1902 12
121 1908 6
122 1914 6
123 1932 18
124 1934 2
125 1950 16
126 1952 2
127 1974 22
128 1980 6
129 1988 8
130 1994 6
131 1998 4
132 2000 2
133 2004 4
134 2012 8
135 2018 6
136 2028 10
137 2030 2
138 2040 10
